000000
000100
001000
001100
010000
010100
011000
011100
100000
100100
101000
101100
110000
110100
111000
111100

########

100100
100000
101100
101000
110100
110000
111100
111000
000100
000000
001100
001000
010100
010000
011100
011000

########

100110
100000
101110
101000
110110
110000
111110
111000
000100
000000
001100
001000
010100
010000
011100
011000

########

000000
000110
001000
001110
010000
010110
011000
011110
100010
100110
101010
101110
110010
110110
111010
111110

########

000000
000110
001000
001110
010000
010110
011001
011111
100010
100110
101010
101110
110010
110110
111011
111111

########

M - ['5']
0 - x1*y2 - x1 - y2 + 1
1 - -x1*y2 + x1 + y2

########

M - ['6']
0 - -x2*y1 + 1
1 - x2*y1

########

