000000
000100
001000
001100
010000
010100
011000
011100
100000
100100
101000
101100
110000
110100
111000
111100

########

000000
000100
001000
001100
010000
010100
011010
011110
100000
100100
101000
101100
110000
110100
111010
111110

########

100100
100000
101100
101000
110100
110000
111110
111010
000100
000000
001100
001000
010100
010000
011110
011010

########

100101
100000
101101
101000
110101
110000
111111
111010
000100
000000
001100
001000
010100
010000
011110
011010

########

000000
000101
001000
001101
010000
010101
011010
011111
100001
100101
101001
101101
110001
110101
111011
111111

########

M - ['5']
0 - -x2*y1 + 1
1 - x2*y1

########

M - ['6']
0 - x1*y2 - x1 - y2 + 1
1 - -x1*y2 + x1 + y2

########

