000000
000100
001000
001100
010000
010100
011000
011100
100000
100100
101000
101100
110000
110100
111000
111100

########

000000
000100
001000
001100
010000
010100
011000
011100
100000
100110
101000
101110
110000
110110
111000
111110

########

011000
011100
010000
010100
001000
001100
000000
000100
111000
111110
110000
110110
101000
101110
100000
100110

########

011001
011101
010000
010100
001000
001100
000000
000100
111001
111111
110000
110110
101000
101110
100000
100110

########

000000
000100
001001
001101
010001
010101
011001
011101
100000
100110
101001
101111
110001
110111
111001
111111

########

M - ['5']
0 - -x1*y2 + 1
1 - x1*y2

########

M - ['6']
0 - x2*y1 - x2 - y1 + 1
1 - -x2*y1 + x2 + y1

########

