000000
000100
001000
001100
010000
010100
011000
011100
100000
100100
101000
101100
110000
110100
111000
111100

########

011000
011100
010000
010100
001000
001100
000000
000100
111000
111100
110000
110100
101000
101100
100000
100100

########

011010
011110
010000
010100
001000
001100
000000
000100
111010
111110
110000
110100
101000
101100
100000
100100

########

000000
000100
001010
001110
010010
010110
011010
011110
100000
100100
101010
101110
110010
110110
111010
111110

########

000000
000100
001010
001110
010010
010110
011010
011110
100000
100101
101010
101111
110010
110111
111010
111111

########

M - ['5']
0 - x2*y1 - x2 - y1 + 1
1 - -x2*y1 + x2 + y1

########

M - ['6']
0 - -x1*y2 + 1
1 - x1*y2

########

